-0.000001591111 0.000000246500 0.000000206838
-0.000000591111 0.000000246500 0.000000206838
-0.000000591111 0.000000246500 0.000000206838
-0.000000588778 0.000000246281 0.000000206654
-0.000000586444 0.000000245622 0.000000206102
-0.000000584111 0.000000244525 0.000000205181
-0.000000581778 0.000000242989 0.000000203892
-0.000000579444 0.000000241014 0.000000202235
-0.000000577111 0.000000238600 0.000000200209
-0.000000574778 0.000000235747 0.000000197815
-0.000000572444 0.000000232456 0.000000195053
-0.000000570111 0.000000228725 0.000000191923
-0.000000567778 0.000000224556 0.000000188424
-0.000000565444 0.000000220386 0.000000184926
-0.000000563111 0.000000216656 0.000000181796
-0.000000560778 0.000000213364 0.000000179034
-0.000000558444 0.000000210511 0.000000176640
-0.000000556111 0.000000208097 0.000000174614
-0.000000553778 0.000000206122 0.000000172957
-0.000000551444 0.000000204586 0.000000171668
-0.000000549111 0.000000203489 0.000000170747
-0.000000546778 0.000000202831 0.000000170195
-0.000000544444 0.000000202611 0.000000170011
-0.000000544444 0.000000202611 0.000000170011
-0.000000542111 0.000000202831 0.000000170195
-0.000000539778 0.000000203489 0.000000170747
-0.000000537444 0.000000204586 0.000000171668
-0.000000535111 0.000000206122 0.000000172957
-0.000000532778 0.000000208097 0.000000174614
-0.000000530444 0.000000210511 0.000000176640
-0.000000528111 0.000000213364 0.000000179034
-0.000000525778 0.000000216656 0.000000181796
-0.000000523444 0.000000220386 0.000000184926
-0.000000521111 0.000000224556 0.000000188424
-0.000000518778 0.000000228725 0.000000191923
-0.000000516444 0.000000232456 0.000000195053
-0.000000514111 0.000000235747 0.000000197815
-0.000000511778 0.000000238600 0.000000200209
-0.000000509444 0.000000241014 0.000000202235
-0.000000507111 0.000000242989 0.000000203892
-0.000000504778 0.000000244525 0.000000205181
-0.000000502444 0.000000245622 0.000000206102
-0.000000500111 0.000000246281 0.000000206654
-0.000000497778 0.000000246500 0.000000206838
-0.000000497778 0.000000246500 0.000000206838
-0.000000463556 0.000000246500 0.000000206838
-0.000000463556 0.000000246500 0.000000206838
-0.000000459822 0.000000246149 0.000000206543
-0.000000456089 0.000000245096 0.000000205660
-0.000000452356 0.000000243340 0.000000204187
-0.000000448622 0.000000240882 0.000000202124
-0.000000444889 0.000000237722 0.000000199473
-0.000000441156 0.000000233860 0.000000196232
-0.000000437422 0.000000229296 0.000000192402
-0.000000433689 0.000000224029 0.000000187983
-0.000000429956 0.000000218060 0.000000182974
-0.000000426222 0.000000211389 0.000000177376
-0.000000422489 0.000000204718 0.000000171779
-0.000000418756 0.000000198749 0.000000166770
-0.000000415022 0.000000193482 0.000000162351
-0.000000411289 0.000000188918 0.000000158521
-0.000000407556 0.000000185056 0.000000155280
-0.000000403822 0.000000181896 0.000000152628
-0.000000400089 0.000000179438 0.000000150566
-0.000000396356 0.000000177682 0.000000149093
-0.000000392622 0.000000176629 0.000000148209
-0.000000388889 0.000000176278 0.000000147915
-0.000000388889 0.000000176278 0.000000147915
-0.000000385156 0.000000176629 0.000000148209
-0.000000381422 0.000000177682 0.000000149093
-0.000000377689 0.000000179438 0.000000150566
-0.000000373956 0.000000181896 0.000000152628
-0.000000370222 0.000000185056 0.000000155280
-0.000000366489 0.000000188918 0.000000158521
-0.000000362756 0.000000193482 0.000000162351
-0.000000359022 0.000000198749 0.000000166770
-0.000000355289 0.000000204718 0.000000171779
-0.000000351556 0.000000211389 0.000000177376
-0.000000347822 0.000000218060 0.000000182974
-0.000000344089 0.000000224029 0.000000187983
-0.000000340356 0.000000229296 0.000000192402
-0.000000336622 0.000000233860 0.000000196232
-0.000000332889 0.000000237722 0.000000199473
-0.000000329156 0.000000240882 0.000000202124
-0.000000325422 0.000000243340 0.000000204187
-0.000000321689 0.000000245096 0.000000205660
-0.000000317956 0.000000246149 0.000000206543
-0.000000314222 0.000000246500 0.000000206838
-0.000000314222 0.000000246500 0.000000206838
-0.000000224000 0.000000246500 0.000000206838
-0.000000224000 0.000000246500 0.000000206838
-0.000000219800 0.000000246105 0.000000206507
-0.000000215600 0.000000244920 0.000000205512
-0.000000211400 0.000000242945 0.000000203855
-0.000000207200 0.000000240180 0.000000201535
-0.000000203000 0.000000236625 0.000000198552
-0.000000198800 0.000000232280 0.000000194906
-0.000000194600 0.000000227145 0.000000190597
-0.000000190400 0.000000221220 0.000000185626
-0.000000186200 0.000000214505 0.000000179991
-0.000000182000 0.000000207000 0.000000173694
-0.000000177800 0.000000199495 0.000000167396
-0.000000173600 0.000000192780 0.000000161762
-0.000000169400 0.000000186855 0.000000156790
-0.000000165200 0.000000181720 0.000000152481
-0.000000161000 0.000000177375 0.000000148835
-0.000000156800 0.000000173820 0.000000145852
-0.000000152600 0.000000171055 0.000000143532
-0.000000148400 0.000000169080 0.000000141875
-0.000000144200 0.000000167895 0.000000140881
-0.000000140000 0.000000167500 0.000000140549
-0.000000140000 0.000000167500 0.000000140549
-0.000000135800 0.000000167895 0.000000140881
-0.000000131600 0.000000169080 0.000000141875
-0.000000127400 0.000000171055 0.000000143532
-0.000000123200 0.000000173820 0.000000145852
-0.000000119000 0.000000177375 0.000000148835
-0.000000114800 0.000000181720 0.000000152481
-0.000000110600 0.000000186855 0.000000156790
-0.000000106400 0.000000192780 0.000000161762
-0.000000102200 0.000000199495 0.000000167396
-0.000000098000 0.000000207000 0.000000173694
-0.000000093800 0.000000214505 0.000000179991
-0.000000089600 0.000000221220 0.000000185626
-0.000000085400 0.000000227145 0.000000190597
-0.000000081200 0.000000232280 0.000000194906
-0.000000077000 0.000000236625 0.000000198552
-0.000000072800 0.000000240180 0.000000201535
-0.000000068600 0.000000242945 0.000000203855
-0.000000064400 0.000000244920 0.000000205512
-0.000000060200 0.000000246105 0.000000206507
-0.000000056000 0.000000246500 0.000000206838
-0.000000056000 0.000000246500 0.000000206838
-0.000000224000 0.000000246500 0.000000206838
-0.000000224000 0.000000246500 0.000000206838
-0.000000219800 0.000000246105 0.000000206507
-0.000000215600 0.000000244920 0.000000205512
-0.000000211400 0.000000242945 0.000000203855
-0.000000207200 0.000000240180 0.000000201535
-0.000000203000 0.000000236625 0.000000198552
-0.000000198800 0.000000232280 0.000000194906
-0.000000194600 0.000000227145 0.000000190597
-0.000000190400 0.000000221220 0.000000185626
-0.000000186200 0.000000214505 0.000000179991
-0.000000182000 0.000000207000 0.000000173694
-0.000000177800 0.000000199495 0.000000167396
-0.000000173600 0.000000192780 0.000000161762
-0.000000169400 0.000000186855 0.000000156790
-0.000000165200 0.000000181720 0.000000152481
-0.000000161000 0.000000177375 0.000000148835
-0.000000156800 0.000000173820 0.000000145852
-0.000000152600 0.000000171055 0.000000143532
-0.000000148400 0.000000169080 0.000000141875
-0.000000144200 0.000000167895 0.000000140881
-0.000000140000 0.000000167500 0.000000140549
-0.000000140000 0.000000167500 0.000000140549
-0.000000135800 0.000000167895 0.000000140881
-0.000000131600 0.000000169080 0.000000141875
-0.000000127400 0.000000171055 0.000000143532
-0.000000123200 0.000000173820 0.000000145852
-0.000000119000 0.000000177375 0.000000148835
-0.000000114800 0.000000181720 0.000000152481
-0.000000110600 0.000000186855 0.000000156790
-0.000000106400 0.000000192780 0.000000161762
-0.000000102200 0.000000199495 0.000000167396
-0.000000098000 0.000000207000 0.000000173694
-0.000000093800 0.000000214505 0.000000179991
-0.000000089600 0.000000221220 0.000000185626
-0.000000085400 0.000000227145 0.000000190597
-0.000000081200 0.000000232280 0.000000194906
-0.000000077000 0.000000236625 0.000000198552
-0.000000072800 0.000000240180 0.000000201535
-0.000000068600 0.000000242945 0.000000203855
-0.000000064400 0.000000244920 0.000000205512
-0.000000060200 0.000000246105 0.000000206507
-0.000000056000 0.000000246500 0.000000206838
-0.000000056000 0.000000246500 0.000000206838
-0.000000463556 0.000000246500 0.000000206838
-0.000000463556 0.000000246500 0.000000206838
-0.000000459822 0.000000246149 0.000000206543
-0.000000456089 0.000000245096 0.000000205660
-0.000000452356 0.000000243340 0.000000204187
-0.000000448622 0.000000240882 0.000000202124
-0.000000444889 0.000000237722 0.000000199473
-0.000000441156 0.000000233860 0.000000196232
-0.000000437422 0.000000229296 0.000000192402
-0.000000433689 0.000000224029 0.000000187983
-0.000000429956 0.000000218060 0.000000182974
-0.000000426222 0.000000211389 0.000000177376
-0.000000422489 0.000000204718 0.000000171779
-0.000000418756 0.000000198749 0.000000166770
-0.000000415022 0.000000193482 0.000000162351
-0.000000411289 0.000000188918 0.000000158521
-0.000000407556 0.000000185056 0.000000155280
-0.000000403822 0.000000181896 0.000000152628
-0.000000400089 0.000000179438 0.000000150566
-0.000000396356 0.000000177682 0.000000149093
-0.000000392622 0.000000176629 0.000000148209
-0.000000388889 0.000000176278 0.000000147915
-0.000000388889 0.000000176278 0.000000147915
-0.000000385156 0.000000176629 0.000000148209
-0.000000381422 0.000000177682 0.000000149093
-0.000000377689 0.000000179438 0.000000150566
-0.000000373956 0.000000181896 0.000000152628
-0.000000370222 0.000000185056 0.000000155280
-0.000000366489 0.000000188918 0.000000158521
-0.000000362756 0.000000193482 0.000000162351
-0.000000359022 0.000000198749 0.000000166770
-0.000000355289 0.000000204718 0.000000171779
-0.000000351556 0.000000211389 0.000000177376
-0.000000347822 0.000000218060 0.000000182974
-0.000000344089 0.000000224029 0.000000187983
-0.000000340356 0.000000229296 0.000000192402
-0.000000336622 0.000000233860 0.000000196232
-0.000000332889 0.000000237722 0.000000199473
-0.000000329156 0.000000240882 0.000000202124
-0.000000325422 0.000000243340 0.000000204187
-0.000000321689 0.000000245096 0.000000205660
-0.000000317956 0.000000246149 0.000000206543
-0.000000314222 0.000000246500 0.000000206838
-0.000000314222 0.000000246500 0.000000206838
-0.000000224000 0.000000246500 0.000000206838
-0.000000224000 0.000000246500 0.000000206838
-0.000000219800 0.000000246105 0.000000206507
-0.000000215600 0.000000244920 0.000000205512
-0.000000211400 0.000000242945 0.000000203855
-0.000000207200 0.000000240180 0.000000201535
-0.000000203000 0.000000236625 0.000000198552
-0.000000198800 0.000000232280 0.000000194906
-0.000000194600 0.000000227145 0.000000190597
-0.000000190400 0.000000221220 0.000000185626
-0.000000186200 0.000000214505 0.000000179991
-0.000000182000 0.000000207000 0.000000173694
-0.000000177800 0.000000199495 0.000000167396
-0.000000173600 0.000000192780 0.000000161762
-0.000000169400 0.000000186855 0.000000156790
-0.000000165200 0.000000181720 0.000000152481
-0.000000161000 0.000000177375 0.000000148835
-0.000000156800 0.000000173820 0.000000145852
-0.000000152600 0.000000171055 0.000000143532
-0.000000148400 0.000000169080 0.000000141875
-0.000000144200 0.000000167895 0.000000140881
-0.000000140000 0.000000167500 0.000000140549
-0.000000140000 0.000000167500 0.000000140549
-0.000000135800 0.000000167895 0.000000140881
-0.000000131600 0.000000169080 0.000000141875
-0.000000127400 0.000000171055 0.000000143532
-0.000000123200 0.000000173820 0.000000145852
-0.000000119000 0.000000177375 0.000000148835
-0.000000114800 0.000000181720 0.000000152481
-0.000000110600 0.000000186855 0.000000156790
-0.000000106400 0.000000192780 0.000000161762
-0.000000102200 0.000000199495 0.000000167396
-0.000000098000 0.000000207000 0.000000173694
-0.000000093800 0.000000214505 0.000000179991
-0.000000089600 0.000000221220 0.000000185626
-0.000000085400 0.000000227145 0.000000190597
-0.000000081200 0.000000232280 0.000000194906
-0.000000077000 0.000000236625 0.000000198552
-0.000000072800 0.000000240180 0.000000201535
-0.000000068600 0.000000242945 0.000000203855
-0.000000064400 0.000000244920 0.000000205512
-0.000000060200 0.000000246105 0.000000206507
-0.000000056000 0.000000246500 0.000000206838
-0.000000056000 0.000000246500 0.000000206838
-0.000000224000 0.000000246500 0.000000206838
-0.000000224000 0.000000246500 0.000000206838
-0.000000219800 0.000000246105 0.000000206507
-0.000000215600 0.000000244920 0.000000205512
-0.000000211400 0.000000242945 0.000000203855
-0.000000207200 0.000000240180 0.000000201535
-0.000000203000 0.000000236625 0.000000198552
-0.000000198800 0.000000232280 0.000000194906
-0.000000194600 0.000000227145 0.000000190597
-0.000000190400 0.000000221220 0.000000185626
-0.000000186200 0.000000214505 0.000000179991
-0.000000182000 0.000000207000 0.000000173694
-0.000000177800 0.000000199495 0.000000167396
-0.000000173600 0.000000192780 0.000000161762
-0.000000169400 0.000000186855 0.000000156790
-0.000000165200 0.000000181720 0.000000152481
-0.000000161000 0.000000177375 0.000000148835
-0.000000156800 0.000000173820 0.000000145852
-0.000000152600 0.000000171055 0.000000143532
-0.000000148400 0.000000169080 0.000000141875
-0.000000144200 0.000000167895 0.000000140881
-0.000000140000 0.000000167500 0.000000140549
-0.000000140000 0.000000167500 0.000000140549
-0.000000135800 0.000000167895 0.000000140881
-0.000000131600 0.000000169080 0.000000141875
-0.000000127400 0.000000171055 0.000000143532
-0.000000123200 0.000000173820 0.000000145852
-0.000000119000 0.000000177375 0.000000148835
-0.000000114800 0.000000181720 0.000000152481
-0.000000110600 0.000000186855 0.000000156790
-0.000000106400 0.000000192780 0.000000161762
-0.000000102200 0.000000199495 0.000000167396
-0.000000098000 0.000000207000 0.000000173694
-0.000000093800 0.000000214505 0.000000179991
-0.000000089600 0.000000221220 0.000000185626
-0.000000085400 0.000000227145 0.000000190597
-0.000000081200 0.000000232280 0.000000194906
-0.000000077000 0.000000236625 0.000000198552
-0.000000072800 0.000000240180 0.000000201535
-0.000000068600 0.000000242945 0.000000203855
-0.000000064400 0.000000244920 0.000000205512
-0.000000060200 0.000000246105 0.000000206507
-0.000000056000 0.000000246500 0.000000206838
-0.000000056000 0.000000246500 0.000000206838
0.000000056000 0.000000246500 0.000000206838
0.000000056000 0.000000246500 0.000000206838
0.000000060200 0.000000246105 0.000000206507
0.000000064400 0.000000244920 0.000000205512
0.000000068600 0.000000242945 0.000000203855
0.000000072800 0.000000240180 0.000000201535
0.000000077000 0.000000236625 0.000000198552
0.000000081200 0.000000232280 0.000000194906
0.000000085400 0.000000227145 0.000000190597
0.000000089600 0.000000221220 0.000000185626
0.000000093800 0.000000214505 0.000000179991
0.000000098000 0.000000207000 0.000000173694
0.000000102200 0.000000199495 0.000000167396
0.000000106400 0.000000192780 0.000000161762
0.000000110600 0.000000186855 0.000000156790
0.000000114800 0.000000181720 0.000000152481
0.000000119000 0.000000177375 0.000000148835
0.000000123200 0.000000173820 0.000000145852
0.000000127400 0.000000171055 0.000000143532
0.000000131600 0.000000169080 0.000000141875
0.000000135800 0.000000167895 0.000000140881
0.000000140000 0.000000167500 0.000000140549
0.000000140000 0.000000167500 0.000000140549
0.000000144200 0.000000167895 0.000000140881
0.000000148400 0.000000169080 0.000000141875
0.000000152600 0.000000171055 0.000000143532
0.000000156800 0.000000173820 0.000000145852
0.000000161000 0.000000177375 0.000000148835
0.000000165200 0.000000181720 0.000000152481
0.000000169400 0.000000186855 0.000000156790
0.000000173600 0.000000192780 0.000000161762
0.000000177800 0.000000199495 0.000000167396
0.000000182000 0.000000207000 0.000000173694
0.000000186200 0.000000214505 0.000000179991
0.000000190400 0.000000221220 0.000000185626
0.000000194600 0.000000227145 0.000000190597
0.000000198800 0.000000232280 0.000000194906
0.000000203000 0.000000236625 0.000000198552
0.000000207200 0.000000240180 0.000000201535
0.000000211400 0.000000242945 0.000000203855
0.000000215600 0.000000244920 0.000000205512
0.000000219800 0.000000246105 0.000000206507
0.000000224000 0.000000246500 0.000000206838
0.000000224000 0.000000246500 0.000000206838
0.000000056000 0.000000246500 0.000000206838
0.000000056000 0.000000246500 0.000000206838
0.000000060200 0.000000246105 0.000000206507
0.000000064400 0.000000244920 0.000000205512
0.000000068600 0.000000242945 0.000000203855
0.000000072800 0.000000240180 0.000000201535
0.000000077000 0.000000236625 0.000000198552
0.000000081200 0.000000232280 0.000000194906
0.000000085400 0.000000227145 0.000000190597
0.000000089600 0.000000221220 0.000000185626
0.000000093800 0.000000214505 0.000000179991
0.000000098000 0.000000207000 0.000000173694
0.000000102200 0.000000199495 0.000000167396
0.000000106400 0.000000192780 0.000000161762
0.000000110600 0.000000186855 0.000000156790
0.000000114800 0.000000181720 0.000000152481
0.000000119000 0.000000177375 0.000000148835
0.000000123200 0.000000173820 0.000000145852
0.000000127400 0.000000171055 0.000000143532
0.000000131600 0.000000169080 0.000000141875
0.000000135800 0.000000167895 0.000000140881
0.000000140000 0.000000167500 0.000000140549
0.000000140000 0.000000167500 0.000000140549
0.000000144200 0.000000167895 0.000000140881
0.000000148400 0.000000169080 0.000000141875
0.000000152600 0.000000171055 0.000000143532
0.000000156800 0.000000173820 0.000000145852
0.000000161000 0.000000177375 0.000000148835
0.000000165200 0.000000181720 0.000000152481
0.000000169400 0.000000186855 0.000000156790
0.000000173600 0.000000192780 0.000000161762
0.000000177800 0.000000199495 0.000000167396
0.000000182000 0.000000207000 0.000000173694
0.000000186200 0.000000214505 0.000000179991
0.000000190400 0.000000221220 0.000000185626
0.000000194600 0.000000227145 0.000000190597
0.000000198800 0.000000232280 0.000000194906
0.000000203000 0.000000236625 0.000000198552
0.000000207200 0.000000240180 0.000000201535
0.000000211400 0.000000242945 0.000000203855
0.000000215600 0.000000244920 0.000000205512
0.000000219800 0.000000246105 0.000000206507
0.000000224000 0.000000246500 0.000000206838
0.000000224000 0.000000246500 0.000000206838
0.000000314222 0.000000246500 0.000000206838
0.000000314222 0.000000246500 0.000000206838
0.000000317956 0.000000246149 0.000000206543
0.000000321689 0.000000245096 0.000000205660
0.000000325422 0.000000243340 0.000000204187
0.000000329156 0.000000240882 0.000000202124
0.000000332889 0.000000237722 0.000000199473
0.000000336622 0.000000233860 0.000000196232
0.000000340356 0.000000229296 0.000000192402
0.000000344089 0.000000224029 0.000000187983
0.000000347822 0.000000218060 0.000000182974
0.000000351556 0.000000211389 0.000000177376
0.000000355289 0.000000204718 0.000000171779
0.000000359022 0.000000198749 0.000000166770
0.000000362756 0.000000193482 0.000000162351
0.000000366489 0.000000188918 0.000000158521
0.000000370222 0.000000185056 0.000000155280
0.000000373956 0.000000181896 0.000000152628
0.000000377689 0.000000179438 0.000000150566
0.000000381422 0.000000177682 0.000000149093
0.000000385156 0.000000176629 0.000000148209
0.000000388889 0.000000176278 0.000000147915
0.000000388889 0.000000176278 0.000000147915
0.000000392622 0.000000176629 0.000000148209
0.000000396356 0.000000177682 0.000000149093
0.000000400089 0.000000179438 0.000000150566
0.000000403822 0.000000181896 0.000000152628
0.000000407556 0.000000185056 0.000000155280
0.000000411289 0.000000188918 0.000000158521
0.000000415022 0.000000193482 0.000000162351
0.000000418756 0.000000198749 0.000000166770
0.000000422489 0.000000204718 0.000000171779
0.000000426222 0.000000211389 0.000000177376
0.000000429956 0.000000218060 0.000000182974
0.000000433689 0.000000224029 0.000000187983
0.000000437422 0.000000229296 0.000000192402
0.000000441156 0.000000233860 0.000000196232
0.000000444889 0.000000237722 0.000000199473
0.000000448622 0.000000240882 0.000000202124
0.000000452356 0.000000243340 0.000000204187
0.000000456089 0.000000245096 0.000000205660
0.000000459822 0.000000246149 0.000000206543
0.000000463556 0.000000246500 0.000000206838
0.000000463556 0.000000246500 0.000000206838
0.000000056000 0.000000246500 0.000000206838
0.000000056000 0.000000246500 0.000000206838
0.000000060200 0.000000246105 0.000000206507
0.000000064400 0.000000244920 0.000000205512
0.000000068600 0.000000242945 0.000000203855
0.000000072800 0.000000240180 0.000000201535
0.000000077000 0.000000236625 0.000000198552
0.000000081200 0.000000232280 0.000000194906
0.000000085400 0.000000227145 0.000000190597
0.000000089600 0.000000221220 0.000000185626
0.000000093800 0.000000214505 0.000000179991
0.000000098000 0.000000207000 0.000000173694
0.000000102200 0.000000199495 0.000000167396
0.000000106400 0.000000192780 0.000000161762
0.000000110600 0.000000186855 0.000000156790
0.000000114800 0.000000181720 0.000000152481
0.000000119000 0.000000177375 0.000000148835
0.000000123200 0.000000173820 0.000000145852
0.000000127400 0.000000171055 0.000000143532
0.000000131600 0.000000169080 0.000000141875
0.000000135800 0.000000167895 0.000000140881
0.000000140000 0.000000167500 0.000000140549
0.000000140000 0.000000167500 0.000000140549
0.000000144200 0.000000167895 0.000000140881
0.000000148400 0.000000169080 0.000000141875
0.000000152600 0.000000171055 0.000000143532
0.000000156800 0.000000173820 0.000000145852
0.000000161000 0.000000177375 0.000000148835
0.000000165200 0.000000181720 0.000000152481
0.000000169400 0.000000186855 0.000000156790
0.000000173600 0.000000192780 0.000000161762
0.000000177800 0.000000199495 0.000000167396
0.000000182000 0.000000207000 0.000000173694
0.000000186200 0.000000214505 0.000000179991
0.000000190400 0.000000221220 0.000000185626
0.000000194600 0.000000227145 0.000000190597
0.000000198800 0.000000232280 0.000000194906
0.000000203000 0.000000236625 0.000000198552
0.000000207200 0.000000240180 0.000000201535
0.000000211400 0.000000242945 0.000000203855
0.000000215600 0.000000244920 0.000000205512
0.000000219800 0.000000246105 0.000000206507
0.000000224000 0.000000246500 0.000000206838
0.000000224000 0.000000246500 0.000000206838
0.000000056000 0.000000246500 0.000000206838
0.000000056000 0.000000246500 0.000000206838
0.000000060200 0.000000246105 0.000000206507
0.000000064400 0.000000244920 0.000000205512
0.000000068600 0.000000242945 0.000000203855
0.000000072800 0.000000240180 0.000000201535
0.000000077000 0.000000236625 0.000000198552
0.000000081200 0.000000232280 0.000000194906
0.000000085400 0.000000227145 0.000000190597
0.000000089600 0.000000221220 0.000000185626
0.000000093800 0.000000214505 0.000000179991
0.000000098000 0.000000207000 0.000000173694
0.000000102200 0.000000199495 0.000000167396
0.000000106400 0.000000192780 0.000000161762
0.000000110600 0.000000186855 0.000000156790
0.000000114800 0.000000181720 0.000000152481
0.000000119000 0.000000177375 0.000000148835
0.000000123200 0.000000173820 0.000000145852
0.000000127400 0.000000171055 0.000000143532
0.000000131600 0.000000169080 0.000000141875
0.000000135800 0.000000167895 0.000000140881
0.000000140000 0.000000167500 0.000000140549
0.000000140000 0.000000167500 0.000000140549
0.000000144200 0.000000167895 0.000000140881
0.000000148400 0.000000169080 0.000000141875
0.000000152600 0.000000171055 0.000000143532
0.000000156800 0.000000173820 0.000000145852
0.000000161000 0.000000177375 0.000000148835
0.000000165200 0.000000181720 0.000000152481
0.000000169400 0.000000186855 0.000000156790
0.000000173600 0.000000192780 0.000000161762
0.000000177800 0.000000199495 0.000000167396
0.000000182000 0.000000207000 0.000000173694
0.000000186200 0.000000214505 0.000000179991
0.000000190400 0.000000221220 0.000000185626
0.000000194600 0.000000227145 0.000000190597
0.000000198800 0.000000232280 0.000000194906
0.000000203000 0.000000236625 0.000000198552
0.000000207200 0.000000240180 0.000000201535
0.000000211400 0.000000242945 0.000000203855
0.000000215600 0.000000244920 0.000000205512
0.000000219800 0.000000246105 0.000000206507
0.000000224000 0.000000246500 0.000000206838
0.000000224000 0.000000246500 0.000000206838
0.000000314222 0.000000246500 0.000000206838
0.000000314222 0.000000246500 0.000000206838
0.000000317956 0.000000246149 0.000000206543
0.000000321689 0.000000245096 0.000000205660
0.000000325422 0.000000243340 0.000000204187
0.000000329156 0.000000240882 0.000000202124
0.000000332889 0.000000237722 0.000000199473
0.000000336622 0.000000233860 0.000000196232
0.000000340356 0.000000229296 0.000000192402
0.000000344089 0.000000224029 0.000000187983
0.000000347822 0.000000218060 0.000000182974
0.000000351556 0.000000211389 0.000000177376
0.000000355289 0.000000204718 0.000000171779
0.000000359022 0.000000198749 0.000000166770
0.000000362756 0.000000193482 0.000000162351
0.000000366489 0.000000188918 0.000000158521
0.000000370222 0.000000185056 0.000000155280
0.000000373956 0.000000181896 0.000000152628
0.000000377689 0.000000179438 0.000000150566
0.000000381422 0.000000177682 0.000000149093
0.000000385156 0.000000176629 0.000000148209
0.000000388889 0.000000176278 0.000000147915
0.000000388889 0.000000176278 0.000000147915
0.000000392622 0.000000176629 0.000000148209
0.000000396356 0.000000177682 0.000000149093
0.000000400089 0.000000179438 0.000000150566
0.000000403822 0.000000181896 0.000000152628
0.000000407556 0.000000185056 0.000000155280
0.000000411289 0.000000188918 0.000000158521
0.000000415022 0.000000193482 0.000000162351
0.000000418756 0.000000198749 0.000000166770
0.000000422489 0.000000204718 0.000000171779
0.000000426222 0.000000211389 0.000000177376
0.000000429956 0.000000218060 0.000000182974
0.000000433689 0.000000224029 0.000000187983
0.000000437422 0.000000229296 0.000000192402
0.000000441156 0.000000233860 0.000000196232
0.000000444889 0.000000237722 0.000000199473
0.000000448622 0.000000240882 0.000000202124
0.000000452356 0.000000243340 0.000000204187
0.000000456089 0.000000245096 0.000000205660
0.000000459822 0.000000246149 0.000000206543
0.000000463556 0.000000246500 0.000000206838
0.000000463556 0.000000246500 0.000000206838
0.000000497778 0.000000246500 0.000000206838
0.000000497778 0.000000246500 0.000000206838
0.000000500111 0.000000246281 0.000000206654
0.000000502444 0.000000245622 0.000000206102
0.000000504778 0.000000244525 0.000000205181
0.000000507111 0.000000242989 0.000000203892
0.000000509444 0.000000241014 0.000000202235
0.000000511778 0.000000238600 0.000000200209
0.000000514111 0.000000235747 0.000000197815
0.000000516444 0.000000232456 0.000000195053
0.000000518778 0.000000228725 0.000000191923
0.000000521111 0.000000224556 0.000000188424
0.000000523444 0.000000220386 0.000000184926
0.000000525778 0.000000216656 0.000000181796
0.000000528111 0.000000213364 0.000000179034
0.000000530444 0.000000210511 0.000000176640
0.000000532778 0.000000208097 0.000000174614
0.000000535111 0.000000206122 0.000000172957
0.000000537444 0.000000204586 0.000000171668
0.000000539778 0.000000203489 0.000000170747
0.000000542111 0.000000202831 0.000000170195
0.000000544444 0.000000202611 0.000000170011
0.000000544444 0.000000202611 0.000000170011
0.000000546778 0.000000202831 0.000000170195
0.000000549111 0.000000203489 0.000000170747
0.000000551444 0.000000204586 0.000000171668
0.000000553778 0.000000206122 0.000000172957
0.000000556111 0.000000208097 0.000000174614
0.000000558444 0.000000210511 0.000000176640
0.000000560778 0.000000213364 0.000000179034
0.000000563111 0.000000216656 0.000000181796
0.000000565444 0.000000220386 0.000000184926
0.000000567778 0.000000224556 0.000000188424
0.000000570111 0.000000228725 0.000000191923
0.000000572444 0.000000232456 0.000000195053
0.000000574778 0.000000235747 0.000000197815
0.000000577111 0.000000238600 0.000000200209
0.000000579444 0.000000241014 0.000000202235
0.000000581778 0.000000242989 0.000000203892
0.000000584111 0.000000244525 0.000000205181
0.000000586444 0.000000245622 0.000000206102
0.000000588778 0.000000246281 0.000000206654
0.000000591111 0.000000246500 0.000000206838
0.000000591111 0.000000246500 0.000000206838
0.000001591111 0.000000246500 0.000000206838
